21099412268
21099412131
21099412082
21099378789
21099378631
21099378561
21099348267
21099348252
21099348034
21099347953
21099254355
21099254350
21099254134
21099254024
21099238085
21099238056
21099237839
21099237838
21099237711
21099237625
21099019686
21099019676
21099019079
21099019064
21099018914
21099018854
21098872081
21098872063
21098871825
21098871820
21098871688
21098871612
21098341013
21098340995
21098340528
21098340522
21098340390
21098340306
21098211669
21098211663
21098211081
21098211073
21098210860
21098210742
21098128249
21098128235
21098128104
21098128099
21098127987
21098127912
21033249296
21033227803
21033227763
21033183685
21033183611
21033182716
21033182700
21033134520
21033134483
21033133206
21033133203
21033027280
21033027264
21033025964
21033025934
21032996068
21032995976
21032995237
21032995224
21032853702
21032853603
21032851631
21032851622
21032727328
21032726220
21032726218
21032725717
21032725424
21032580114
21032579979
21032579926
21032571996
21032571991
21032571617
21032571380
21032360144
21032360139
21032359849
21032359631
21031310258
21031281288
20027723821
20027723451
20027723149
20027722976
20027627911
20027626928
20027626640
20027626488
20027387264
20027386579
20027386285
20027386077
20027341412
20027340701
20027340437
20027340322
20027223704
20027223385
20027223090
20027222962
20026697478
20026696870
20026696500
20026696355
20011037432
20011037227
20011031373
20011031226
20011031125
18196395107
18196394775
18196394552
18196282850
18196282456
18196282283
18193774232
18193773941
18193773759
18162052081
18162051699
18162051485
18161460071
18161459706
18161459529
18161398074
18161397847
18161397746
18145307768
18145307500
18145307340
18136971474
18136971112
18136970984
18066349052
18066348913
18066348791
18065355092
18065354975
18065354909
18038869309
18038868259
18038853248
18014849675
18014849543
18014488094
18014487918
17983018141
17983017963
17981083550
17981083388
17980982395
17980980404
17980980243
17980980222
17980980057
17980110354
17980110215
17979997857
17979996145
17979995971
17979995896
17979995711
17979946893
17979946742
17979736939
17979736757
17979677734
17979675953
17979675684
17979675520
17979675303
17979536061
17979534515
17979534368
17979534331
17979534156
17976755038
17976754887
17947550530
17947550380
17945991009
17945990791
17945710676
17945710473
17945054755
17945054707
17945041067
17945041057
17945010741
17945010708
17944640995
17944640973
17944170482
17944170478
17942503793
17942503770
17916541431
17916541419
17915787765
17915787760
17915290052
17915289986
17914849269
17914849255
17913931630
17913931611
17899979831
17899979824
17899828864
17899828861
17411372634
16253750439
16253750187
16253746387
16253712541
16253712431
16253693433
16253658435
16253560839
16253418706
16253407241
16253352763
16253339342
16253292042
16253248241
16253203630
16252926659
16252889372
16252836674
16252800685
16252786908
16252775657
16252775655
16252735358
16252729798
16252437681
16252437675
16252409839
16252409833
16252345443
16252345439
16250955179
16250955177
16250860949
16250860947
16244477609
16244477603
16244439730
16244439729
16244438923
16244438922
16244402276
16244402275
16244380513
16244380512
16244359047
16244359038
16244332892
16244332891
16244317187
16244317186
16244233730
16244226501
16244217678
16244210015
16244065189
16244033814
16244022382
16244002058
16244002042
16243983609
